2.100000000000000000e+02
4.230000000000000000e+03
8.088000000000000000e+03
1.194500000000000000e+04
1.580300000000000000e+04
1.966000000000000000e+04
2.351800000000000000e+04
2.737600000000000000e+04
3.123300000000000000e+04
3.509100000000000000e+04
3.894800000000000000e+04
4.280600000000000000e+04
4.666400000000000000e+04
5.052100000000000000e+04
5.437900000000000000e+04
5.823600000000000000e+04
6.209400000000000000e+04
6.595100000000000000e+04
6.980900000000000000e+04
7.366700000000000000e+04
7.752400000000000000e+04
8.138200000000000000e+04
8.523900000000000000e+04
8.909700000000000000e+04
9.295500000000000000e+04
9.681200000000000000e+04
1.006700000000000000e+05
1.045270000000000000e+05
1.083850000000000000e+05
1.122420000000000000e+05
1.161000000000000000e+05
1.199580000000000000e+05
1.238150000000000000e+05
1.276730000000000000e+05
1.315300000000000000e+05
1.353880000000000000e+05
1.392460000000000000e+05
1.431030000000000000e+05
1.469610000000000000e+05
1.508180000000000000e+05
1.546760000000000000e+05
1.585330000000000000e+05
1.623910000000000000e+05
1.662490000000000000e+05
1.701060000000000000e+05
1.739640000000000000e+05
1.778210000000000000e+05
1.816790000000000000e+05
1.855370000000000000e+05
1.893940000000000000e+05
1.932520000000000000e+05
1.971090000000000000e+05
2.009670000000000000e+05
2.048240000000000000e+05
2.086820000000000000e+05
2.125400000000000000e+05
2.163970000000000000e+05
2.202550000000000000e+05
2.241120000000000000e+05
2.279700000000000000e+05
2.318280000000000000e+05
2.356850000000000000e+05
2.395430000000000000e+05
2.434000000000000000e+05
2.472580000000000000e+05
2.511150000000000000e+05
2.549730000000000000e+05
2.588310000000000000e+05
2.626880000000000000e+05
2.665460000000000000e+05
2.704030000000000000e+05
2.742610000000000000e+05
2.781190000000000000e+05
