2.110000000000000000e+02
4.141000000000000000e+03
7.877000000000000000e+03
1.159600000000000000e+04
1.528800000000000000e+04
1.895200000000000000e+04
2.258400000000000000e+04
2.621300000000000000e+04
2.986000000000000000e+04
3.351700000000000000e+04
3.719000000000000000e+04
4.092500000000000000e+04
4.471400000000000000e+04
4.853400000000000000e+04
5.237100000000000000e+04
5.621800000000000000e+04
6.006900000000000000e+04
6.392300000000000000e+04
6.777900000000000000e+04
7.163600000000000000e+04
7.549300000000000000e+04
7.935000000000000000e+04
8.320800000000000000e+04
8.706500000000000000e+04
9.092300000000000000e+04
9.478000000000000000e+04
9.863800000000000000e+04
1.024950000000000000e+05
1.063530000000000000e+05
1.102110000000000000e+05
1.140680000000000000e+05
1.179260000000000000e+05
1.217830000000000000e+05
1.256410000000000000e+05
1.294980000000000000e+05
1.333560000000000000e+05
1.372140000000000000e+05
1.410710000000000000e+05
1.449290000000000000e+05
1.487860000000000000e+05
1.526440000000000000e+05
1.565020000000000000e+05
1.603590000000000000e+05
1.642170000000000000e+05
1.680740000000000000e+05
1.719320000000000000e+05
1.757890000000000000e+05
1.796470000000000000e+05
1.835050000000000000e+05
1.873620000000000000e+05
1.912200000000000000e+05
1.950770000000000000e+05
1.989350000000000000e+05
2.027930000000000000e+05
2.066500000000000000e+05
2.105080000000000000e+05
2.143650000000000000e+05
2.182230000000000000e+05
2.220800000000000000e+05
2.259380000000000000e+05
2.297960000000000000e+05
2.336530000000000000e+05
2.375110000000000000e+05
2.413680000000000000e+05
2.452260000000000000e+05
2.490840000000000000e+05
2.529410000000000000e+05
2.567990000000000000e+05
2.606560000000000000e+05
2.645140000000000000e+05
2.683710000000000000e+05
2.722290000000000000e+05
2.760870000000000000e+05
