4.364000000000000000e+03
4.366000000000000000e+03
7.103000000000000000e+03
1.587600000000000000e+04
2.484200000000000000e+04
3.380900000000000000e+04
4.277600000000000000e+04
5.174300000000000000e+04
6.071000000000000000e+04
6.967700000000000000e+04
7.864400000000000000e+04
8.761100000000000000e+04
9.657800000000000000e+04
1.055450000000000000e+05
1.145120000000000000e+05
1.234790000000000000e+05
1.324460000000000000e+05
1.414130000000000000e+05
1.503800000000000000e+05
1.593460000000000000e+05
1.683130000000000000e+05
1.772800000000000000e+05
1.862470000000000000e+05
1.952140000000000000e+05
2.041810000000000000e+05
2.131480000000000000e+05
2.221150000000000000e+05
2.310820000000000000e+05
2.400490000000000000e+05
2.490160000000000000e+05
2.579830000000000000e+05
2.669500000000000000e+05
2.759170000000000000e+05
