3.769000000000000000e+03
1.630000000000000000e+02
2.480000000000000000e+02
6.200000000000000000e+01
7.185000000000000000e+03
6.667000000000000000e+03
6.778000000000000000e+03
6.210000000000000000e+03
6.488000000000000000e+03
9.627000000000000000e+03
2.347000000000000000e+03
2.208000000000000000e+03
2.095000000000000000e+03
2.009000000000000000e+03
2.349000000000000000e+03
5.762000000000000000e+03
5.735000000000000000e+03
1.860000000000000000e+03
1.849000000000000000e+03
1.831000000000000000e+03
9.550000000000000000e+03
9.548000000000000000e+03
5.689000000000000000e+03
5.688000000000000000e+03
5.688000000000000000e+03
5.687000000000000000e+03
5.687000000000000000e+03
5.687000000000000000e+03
1.829000000000000000e+03
1.829000000000000000e+03
2.231000000000000000e+03
5.687000000000000000e+03
9.544000000000000000e+03
5.687000000000000000e+03
5.274000000000000000e+03
1.829000000000000000e+03
