5.477019560784145824e+01 2.819868299999999994e+00
1.152704116800417182e+02 2.820552999999999866e+00
1.759906285379590543e+02 2.820553400000000099e+00
2.367008453601619919e+02 2.820555199999999818e+00
2.974210622180793280e+02 2.820553600000000216e+00
3.581312790402822657e+02 2.820555099999999982e+00
4.188514958981996301e+02 2.820553799999999889e+00
4.795617127204025678e+02 2.820555000000000145e+00
5.402819295783199323e+02 2.820554000000000006e+00
6.009921464005228700e+02 2.820554899999999865e+00
6.617123632584401776e+02 2.820554200000000122e+00
7.224225800806431153e+02 2.820554800000000029e+00
7.831427969385604229e+02 2.820554299999999959e+00
8.438530137607633606e+02 2.820554700000000192e+00
9.045732306186807818e+02 2.820554500000000075e+00
9.652834474408837195e+02 2.820554599999999912e+00
1.026003664298801141e+03 2.820554599999999912e+00
1.086713881121004079e+03 2.820554399999999795e+00
1.147434097978921272e+03 2.820554800000000029e+00
1.208144314801124210e+03 2.820554299999999959e+00
1.268864531659041631e+03 2.820554899999999865e+00
1.329574748481244569e+03 2.820554099999999842e+00
1.390294965339161990e+03 2.820555000000000145e+00
1.451005182161364928e+03 2.820553900000000169e+00
1.511725399019282122e+03 2.820555099999999982e+00
1.572435615841485060e+03 2.820553700000000052e+00
1.633155832699402481e+03 2.820555199999999818e+00
1.693866049521605419e+03 2.820553499999999936e+00
1.754586266379522840e+03 2.820555199999999818e+00
1.815296483201725778e+03 2.820553299999999819e+00
1.876016700059642972e+03 2.820555300000000098e+00
1.936726916881845909e+03 2.820553100000000146e+00
1.997447133739763331e+03 2.820555300000000098e+00
2.058157350561966268e+03 2.820552800000000193e+00
2.118877567419883690e+03 2.820555399999999935e+00
2.179587784242086400e+03 2.820552600000000076e+00
2.240308001100003821e+03 2.820555399999999935e+00
2.301018217922206986e+03 2.820552300000000123e+00
2.361738434780123953e+03 2.820555399999999935e+00
2.422458651638041374e+03 2.820552100000000006e+00
2.483168868460244539e+03 2.820555399999999935e+00
2.543889085318161960e+03 2.820552399999999960e+00
2.604599302140364671e+03 2.820555399999999935e+00
2.665319518998282092e+03 2.820552600000000076e+00
2.726029735820484802e+03 2.820555399999999935e+00
