2.621374100000000151e+00
2.820515599999999790e+00
2.820555000000000145e+00
2.820553499999999936e+00
2.820555199999999818e+00
2.820553299999999819e+00
2.820555300000000098e+00
2.820553100000000146e+00
2.820555300000000098e+00
2.820552900000000029e+00
2.820555399999999935e+00
2.820552600000000076e+00
2.820555399999999935e+00
2.820552399999999960e+00
2.820555399999999935e+00
2.820552100000000006e+00
2.820555399999999935e+00
2.820552300000000123e+00
2.820555399999999935e+00
2.820552600000000076e+00
2.820555399999999935e+00
2.820552800000000193e+00
2.820555300000000098e+00
2.820552999999999866e+00
2.820555300000000098e+00
2.820553299999999819e+00
2.820555199999999818e+00
2.820553499999999936e+00
2.820555199999999818e+00
2.820553700000000052e+00
2.820555099999999982e+00
2.820553900000000169e+00
2.820555000000000145e+00
2.820554099999999842e+00
2.820554899999999865e+00
2.820554200000000122e+00
2.820554800000000029e+00
2.820554399999999795e+00
2.820554700000000192e+00
2.820554500000000075e+00
2.820554500000000075e+00
2.820554700000000192e+00
2.820554399999999795e+00
2.820554800000000029e+00
2.820554200000000122e+00
2.820554899999999865e+00
